0110100001110011
0101000000001100
0111101001111011
0111101000111110
0011010101110101
0101001100000100
0101011001100000
0101001100010101
0001000001110100
0010001101000110
0001010001111100
0110011000010010
0110010101111010
0110110001110111
0101111100110010
0101101000000100
0010001100000101
0101100000101000
0011100000110000
0001011100111110
0101101001100000
0101001100010100
0111101000101011
0110000000100000
0000110001101001
0111100100000100
0110000101100101
0011100101010010
0010001101010111
0000111100111111
0100101000011100
0100000001011001
0111001001111010
0001001100100000
0110100000011111
0001100100100000
0010110101101010
0111010100100100
0011000001001000
0100001101100011
0100011000010001
0110101100100000
0111011000101100
0100111000111100
0100101001000110
0110000001100000
0000100100000110
0111011100010000
0100100000111100
0001010001100101
0001010101001101
0101100001011111
0001110101110100
0100010001111111
0000110101111011
0110100001101111
0000000100101011
0010011101000011
0010000101010011
0011100100001010
0001001101101001
0000101000111000
0000000001100011
0000101000110011
0010000101100110
0001011100100001
0110111101001010
0110110101001111
0011001100001001
0001011100011110
0111001101111000
0010101101110011
0011011101110100
0001001000010001
0100011000010010
0010110001000001
0001111000001111
0011010100000110
0011111000111110
0010111100001110
0110001100110001
0000110000010000
0100100100000111
0110100100000001
0101001101011101
0100011000100101
0101011100010111
0110001100001010
0001111000110011
0111100001111010
0001111000101101
0000010100010101
0101001000111001
0101111100011000
0010111101010000
0111011001100011
0011111000110111
0100000101000001
0101001000110000
0010110001111000
0100111101001011
0011110000011101
0001110000010101
0010011101110110
0011100100100111
0110100001100101
0110011101000100
0111000001000110
0001101000100110
0110110000011000
0001110100110111
0011011100010111
0111001101111101
0010000100110100
0100110101011011
0010010100101000
0000101000100001
0111011001011101
0001111000111010
0100001000011101
0011100000001110
0100110000100001
0001110000001111
0011011001000001
0110011000000011
0011111001001010
0111101101000101
0011111001001111