 104 115,
  80  12,
 122 123,
 122  62,
  53 117,
  83   4,
  86  96,
  83  21,
  16 116,
  35  70,
  20 124,
 102  18,
 101 122,
 108 119,
  95  50,
  90   4,
  35   5,
  88  40,
  56  48,
  23  62,
  90  96,
  83  20,
 122  43,
  96  32,
  12 105,
 121   4,
  97 101,
  57  82,
  35  87,
  15  63,
  74  28,
  64  89,
 114 122,
  19  32,
 104  31,
  25  32,
  45 106,
 117  36,
  48  72,
  67  99,
  70  17,
 107  32,
 118  44,
  78  60,
  74  70,
  96  96,
   9   6,
 119  16,
  72  60,
  20 101,
  21  77,
  88  95,
  29 116,
  68 127,
  13 123,
 104 111,
   1  43,
  39  67,
  33  83,
  57  10,
  19 105,
  10  56,
   0  99,
  10  51,
  33 102,
  23  33,
 111  74,
 109  79,
  51   9,
  23  30,
 115 120,
  43 115,
  55 116,
  18  17,
  70  18,
  44  65,
  30  15,
  53   6,
  62  62,
  47  14,
  99  49,
  12  16,
  73   7,
 105   1,
  83  93,
  70  37,
  87  23,
  99  10,
  30  51,
 120 122,
  30  45,
   5  21,
  82  57,
  95  24,
  47  80,
 118  99,
  62  55,
  65  65,
  82  48,
  44 120,
  79  75,
  60  29,
  28  21,
  39 118,
  57  39,
 104 101,
 103  68,
 112  70,
  26  38,
 108  24,
  29  55,
  55  23,
 115 125,
  33  52,
  77  91,
  37  40,
  10  33,
 118  93,
  30  58,
  66  29,
  56  14,
  76  33,
  28  15,
  54  65,
 102   3,
  62  74,
 123  69,
  62  79