4461,
3160,
4150,
3110,
2547,
4534,
3236,
4661,
7529,
1147,
2746,
5089,
4815,
3042,
2219,
8377,
3869,
8377,
3963,
2363,
3696,
2420,
4349,
3058,
3045,
2687,
6865,
1136,
2629,
3781,
6358,
1685,
2062,
4682,
3592,
6865,
2822,
3404,
2929,
2669,
5067,
2398,
4424,
2185,
5129,
1480,
2396,
5923,
8345,
1843,
3159,
3860,
4103,
8345,
1632,
5028,
2247,
4998,
1483,
3352,
1195,
3735,
3632,
3479,
1451,
8885,
2205,
2128,
701,
6108,
2748,
8885,
2613,
2413,
2218,
2437,
1930,
1785,
1860,
1213,
3289,
1456,
1286,
4300,
3121,
550,
1367,
3336,
2174,
4300,
2628,
2031,
3239,
1475,
4289,
3518,
3957,
4159,
4934,
910,
1802,
3409,
7890,
2131,
2937,
7381,
3670,
7890,
3480,
3322,
3225,
3187,
4375,
2944,
3769,
3634,
5960,
1652,
2024,
5692,
7246,
1786,
2996,
6011,
3958,
7246,
2551,
3192,
2707,
3219,
3451,
1604,
3703,
1471,
5079,
2307,
2351,
6164,
6677,
1525,
2123,
2688,
3486,
6677